0.00 0.00 6484.94 78.12 -3.06 9.63 -9.87
171.00 797.25 -51.48 78.12 0.78 -10.88 1.84
342.00 1015.14 -51.44 78.24 0.98 -9.69 3.48
513.00 1015.14 -51.72 78.24 0.91 -9.29 3.17
684.00 1015.15 -51.86 78.24 0.90 -8.78 2.62
855.00 1015.15 -51.85 78.24 0.69 -8.99 3.03
1026.00 1015.15 -51.76 78.24 0.64 -8.67 3.38
1197.00 1015.15 -51.77 78.24 1.14 -9.36 3.68
1368.00 1015.15 -51.97 78.24 0.98 -9.01 4.25
1539.00 1015.15 -51.66 78.24 0.40 -7.56 5.00
1710.00 1015.14 -51.76 78.24 0.30 -7.61 5.90
1881.00 1015.15 -51.70 78.24 -0.42 -6.37 7.23
2052.00 1015.14 -51.82 78.24 0.37 -5.97 8.13
2223.00 1015.15 -51.90 78.24 0.20 -5.64 8.55
2394.00 1015.15 -51.73 78.24 0.03 -5.11 8.19
2565.00 1015.15 -51.96 78.24 0.23 -4.97 8.50
2736.00 1015.15 -51.91 78.24 0.41 -4.96 8.74
2907.00 1015.15 -52.03 78.24 0.29 -4.94 8.43
3078.00 1015.16 -52.03 78.24 0.30 -4.87 8.66
3249.00 1015.16 -51.70 78.24 0.25 -4.66 8.63
3420.00 1015.14 -51.69 78.24 0.40 -4.82 8.59
3591.00 1015.14 -52.08 78.24 -0.46 -3.97 8.33
3762.00 1015.16 -52.06 78.24 0.65 -2.96 9.26
3934.00 1015.16 -51.73 78.24 0.80 1.18 16.81
4105.00 1015.15 -51.54 78.24 1.20 -1.16 9.59
4277.00 1015.14 -51.55 78.24 1.23 -0.20 10.02
4448.00 1015.14 -51.25 78.24 0.65 -0.28 10.09
4619.00 1015.13 -51.39 78.35 0.44 -0.29 9.90
4790.00 1015.13 -51.58 78.35 0.45 -0.28 9.89
4961.00 1015.14 -51.39 78.24 0.46 -0.29 9.82
5132.00 1015.13 -51.40 78.24 0.46 -0.27 9.83
5303.00 1015.13 -51.30 78.24 0.49 -0.29 9.84
5474.00 1015.13 -51.35 78.24 0.46 -0.37 9.89
5645.00 1015.13 -51.49 78.24 0.45 -0.32 9.86
5816.00 1015.14 -51.69 78.24 0.45 -0.29 9.85
5987.00 1015.14 -51.54 78.24 0.38 -0.27 9.88
6158.00 1015.14 -51.50 78.24 0.37 -0.28 9.80
6329.00 1015.14 -51.22 78.24 0.44 -0.31 9.75
6501.00 1015.13 -51.35 78.24 0.47 -0.30 9.82
6673.00 1015.13 -51.56 78.24 0.47 -0.28 9.86
6844.00 1015.14 -51.41 78.24 0.47 -0.31 9.85
7015.00 1015.13 -51.52 78.24 0.43 -0.23 9.82
7186.00 1015.14 -51.63 78.24 0.45 -0.29 9.92
7357.00 1015.14 -51.51 78.24 0.41 -0.29 9.90
7528.00 1015.14 -51.69 78.24 0.48 -0.31 9.85
7699.00 1015.14 -51.83 78.24 0.49 -0.27 9.83
7870.00 1015.15 -51.76 78.24 0.49 -0.28 9.85
8041.00 1015.15 -51.92 78.24 0.48 -0.29 9.85
8212.00 1015.15 -51.81 78.24 0.44 -0.24 9.80
8383.00 1015.15 -51.43 78.24 0.49 -0.20 9.74
8554.00 1015.13 -51.31 78.24 0.45 -0.23 9.84
8725.00 1015.13 -51.41 78.24 0.47 -0.24 9.90
8896.00 1015.13 -51.37 78.24 0.49 -0.31 9.87
9238.00 1015.13 -51.10 78.24 0.48 -0.29 9.84
9409.00 1015.12 -51.21 78.24 0.48 -0.27 9.80
9580.00 1015.13 -51.33 78.24 0.46 -0.30 9.85
9751.00 1015.13 -51.32 78.24 0.42 -0.33 9.81
9922.00 1015.13 -51.19 78.24 0.44 -0.28 9.77
10093.00 1015.13 -51.11 78.24 0.39 -0.27 9.84
10265.00 1015.12 -51.15 78.24 0.45 -0.33 9.74
10436.00 1015.12 -51.13 78.24 0.49 -0.26 9.84
10607.00 1015.12 -51.27 78.24 0.47 -0.30 9.81
10778.00 1015.13 -50.88 78.24 0.54 -0.30 9.84
10949.00 1015.11 -51.23 78.24 0.47 -0.26 9.86
11120.00 1015.13 -51.51 78.24 0.49 -0.28 9.83
11291.00 1015.14 -51.07 78.24 0.49 -0.26 9.82
11462.00 1015.12 -51.21 78.24 0.50 -0.24 9.85
11633.00 1015.13 -51.31 78.24 0.46 -0.21 9.77
11804.00 1015.13 -51.10 78.24 0.47 -0.28 9.81
11975.00 1015.12 -50.96 78.24 0.46 -0.27 9.82
12146.00 1015.12 -51.22 78.24 0.41 -0.26 9.80
12317.00 1015.13 -51.16 78.24 0.46 -0.32 9.84
12489.00 1015.12 -51.21 78.24 0.44 -0.23 9.85
12661.00 1015.13 -51.11 78.24 0.45 -0.24 9.87
12832.00 1015.12 -51.05 78.24 0.45 -0.30 9.80
13004.00 1015.12 -51.11 78.24 0.46 -0.25 9.86
13176.00 1015.12 -50.96 78.24 0.49 -0.28 9.82
13347.00 1015.12 -50.73 78.24 0.49 -0.27 9.78
13518.00 1015.11 -50.86 78.24 0.45 -0.29 9.84
13689.00 1015.11 -50.90 78.24 0.50 -0.25 9.88
13860.00 1015.12 -51.12 78.24 0.48 -0.28 9.86
14031.00 1015.12 -50.95 78.24 0.50 -0.32 9.81
14202.00 1015.12 -50.68 78.24 0.48 -0.30 9.82
14373.00 1015.11 -50.72 78.24 0.49 -0.34 9.80
14544.00 1015.11 -50.99 78.24 0.44 -0.28 9.73
14715.00 1015.12 -50.92 78.24 0.49 -0.25 9.83
14886.00 1015.12 -51.03 78.24 0.50 -0.24 9.83
15057.00 1015.12 -51.14 78.24 0.52 -0.24 9.82
15228.00 1015.12 -51.32 78.24 0.49 -0.27 9.84
15399.00 1015.13 -51.15 78.24 0.51 -0.27 9.80
15570.00 1015.12 -51.27 78.35 0.45 -0.28 9.82
15741.00 1015.13 -51.36 78.24 0.50 -0.30 9.85
15912.00 1015.13 -51.24 78.24 0.49 -0.31 9.79
16083.00 1015.13 -51.47 78.24 0.50 -0.30 9.85
16254.00 1015.14 -50.81 78.35 0.57 -0.29 9.84
16425.00 1015.11 -50.96 78.35 0.46 -0.30 9.87
16596.00 1015.12 -50.95 78.24 0.46 -0.26 9.83
16767.00 1015.12 -50.99 78.24 0.45 -0.29 9.75
16938.00 1015.12 -51.16 78.24 0.47 -0.24 9.80
17109.00 1015.13 -51.33 78.24 0.49 -0.29 9.78
17280.00 1015.13 -51.25 78.24 0.53 -0.30 9.79
17451.00 1015.13 -51.19 78.24 0.49 -0.28 9.86
17622.00 1015.13 -51.26 78.24 0.47 -0.29 9.80
17793.00 1015.13 -51.16 78.24 0.48 -0.28 9.78
17964.00 1015.12 -51.33 78.24 0.53 -0.24 9.85
18135.00 1015.13 -51.13 78.24 0.48 -0.49 9.50
18306.00 1015.12 -51.13 78.24 0.44 -0.09 9.83
18477.00 1015.12 -50.64 78.24 0.43 -0.26 9.85
18648.00 1015.11 -50.78 78.24 0.44 -0.29 9.77
18819.00 1015.11 -50.72 78.24 0.49 -0.24 9.86
18990.00 1015.11 -50.66 78.24 0.45 -0.31 9.92
19161.00 1015.11 -50.85 78.24 0.47 -0.26 9.74
19332.00 1015.11 -50.68 78.24 0.57 -0.29 9.78
19503.00 1015.11 -50.76 78.24 0.45 -0.25 9.85
19674.00 1015.11 -50.97 78.24 0.53 -0.28 9.84
19845.00 1015.12 -51.20 78.24 0.45 -0.27 9.84
20016.00 1015.13 -51.05 78.24 0.59 -0.91 9.90
20187.00 1015.12 -51.22 78.24 0.46 -0.02 9.72
20358.00 1015.13 -50.78 78.24 0.50 -0.23 9.82
20529.00 1015.11 -50.34 78.24 0.56 -0.28 9.82
20700.00 1015.09 -50.79 78.24 0.51 -0.24 9.76
20871.00 1015.11 -50.87 78.24 0.47 -0.26 9.76
21042.00 1015.11 -50.97 78.24 0.50 -0.28 9.80
21213.00 1015.12 -50.88 78.24 0.45 -0.28 9.83
21384.00 1015.11 -50.63 78.24 0.49 -0.30 9.76
21555.00 1015.11 -50.68 78.35 0.51 -0.26 9.82
21726.00 1015.11 -51.11 78.35 0.44 -0.29 9.76
21897.00 1015.12 -50.77 78.24 0.49 -0.29 9.84
22068.00 1015.11 -50.96 78.24 0.45 -0.23 9.75
22239.00 1015.12 -50.95 78.24 0.45 -0.28 9.86
22410.00 1015.12 -51.08 78.24 0.46 -0.24 9.84
22581.00 1015.12 -50.75 78.24 0.49 -0.26 9.80
22752.00 1015.11 -50.72 78.24 0.53 -0.27 9.82
22923.00 1015.11 -50.90 78.24 0.47 -0.30 9.78
23094.00 1015.12 -51.05 78.35 0.45 -0.24 9.76
23265.00 1015.12 -51.19 78.24 0.45 -0.32 9.84
23436.00 1015.13 -51.18 78.24 0.54 -0.26 9.80
23607.00 1015.13 -50.95 78.24 0.50 -0.28 9.78
23779.00 1015.12 -51.00 78.24 0.51 -0.21 9.81
23951.00 1015.12 -50.93 78.24 0.45 -0.26 9.89
24122.00 1015.12 -50.83 78.24 0.43 -0.28 9.89
24293.00 1015.11 -50.63 78.24 0.46 -0.27 9.78
24464.00 1015.11 -50.43 78.24 0.51 -0.26 9.84
24635.00 1015.10 -50.41 78.24 0.47 -0.28 9.90
24806.00 1015.10 -50.93 78.35 0.47 -0.29 9.85
24977.00 1015.12 -50.94 78.35 0.46 -0.27 9.79
25148.00 1015.12 -51.29 78.24 0.49 -0.26 9.64
25319.00 1015.13 -51.51 78.24 0.49 -0.26 9.84
25490.00 1015.14 -51.42 78.24 0.44 -0.26 9.84
25661.00 1015.13 -51.52 78.35 0.49 -0.26 9.79
25832.00 1015.14 -51.29 78.24 0.51 -0.26 9.69
26003.00 1015.13 -51.32 78.24 0.45 -0.28 9.80
26174.00 1015.13 -50.80 78.24 0.46 -0.25 9.83
26345.00 1015.11 -50.54 78.24 0.43 -0.23 9.85
26516.00 1015.10 -50.68 78.24 0.45 -0.27 9.87
26687.00 1015.11 -50.93 78.24 0.53 -0.26 9.78
26859.00 1015.12 -51.00 78.24 0.45 -0.27 9.90
27030.00 1015.12 -50.98 78.24 0.48 -0.28 9.80
27201.00 1015.12 -50.85 78.35 0.47 -0.24 9.85
27373.00 1015.11 -50.84 78.35 0.54 -0.23 9.82
27544.00 1015.11 -50.86 78.35 0.55 -0.26 9.84
27715.00 1015.11 -51.01 78.24 0.53 -0.27 9.80
27886.00 1015.12 -50.77 78.24 0.56 -0.27 9.83
28057.00 1015.11 -50.89 78.24 0.45 -0.25 9.80
28228.00 1015.11 -51.10 78.24 0.52 -0.22 9.84
28400.00 1015.12 -50.84 78.35 0.49 -0.24 9.78
28572.00 1015.11 -50.75 78.35 0.46 -0.27 9.82
28744.00 1015.11 -50.54 78.35 0.54 -0.29 9.71
28915.00 1015.10 -50.55 78.35 0.50 -0.26 9.80
29086.00 1015.10 -50.65 78.35 0.49 -0.26 9.81
29257.00 1015.11 -50.57 78.35 0.50 -0.31 9.82
29428.00 1015.10 -50.27 78.24 0.46 -0.26 9.77
29600.00 1015.09 -50.30 78.24 0.52 -0.29 9.82
29771.00 1015.09 -50.34 78.24 0.45 -0.29 9.84
29943.00 1015.09 -50.36 78.24 0.46 -0.34 9.80
30115.00 1015.10 -50.43 78.24 0.59 -0.37 9.82
ovf ovf -50.43 78.24 0.59 -0.37 9.82
